/pointcloud_to_laserscan:
  ros__parameters:
    angle_increment: 0.017453292519943295
    angle_max: 3.141592653589793
    angle_min: -3.141592653589793
    inf_epsilon: 1.0
    max_height: 1.7976931348623157e+308
    min_height: 2.2250738585072014e-308
    queue_size: 8
    range_max: 20.0
    range_min: 0.1
    scan_time: 0.03333333333333333
    target_frame: livox_frame
    transform_tolerance: 0.5
    use_inf: true
    use_sim_time: false
